1.000000000 0.000000000 0.000000000 0.000000000 0.000000000 1.000000000 0.000000000 0.000000000 0.000000000 0.000000000 1.000000000 0.000000000
1.000000000 -0.000071128 -0.000069290 0.000280289 0.000071121 1.000000000 -0.000108047 0.000366514 0.000069298 0.000108042 1.000000000 0.000240725
1.000000000 -0.000099568 -0.000031723 -0.000013569 0.000099568 1.000000000 0.000016144 -0.000314775 0.000031722 -0.000016147 1.000000000 -0.000061213
1.000000000 0.000024048 0.000085103 -0.000375995 -0.000024050 1.000000000 0.000019965 0.000015453 -0.000085102 -0.000019967 1.000000000 0.000356990
1.000000000 -0.000172438 -0.000022428 -0.000005984 0.000172439 1.000000000 0.000037839 -0.000521632 0.000022422 -0.000037843 1.000000000 -0.000304098
1.000000000 -0.000094958 0.000074871 -0.000274838 0.000094967 1.000000000 -0.000116916 0.000397685 -0.000074860 0.000116923 1.000000000 0.000151233
1.000000000 -0.000144158 -0.000129747 0.000640529 0.000144149 1.000000000 -0.000070306 0.000236281 0.000129757 0.000070288 1.000000000 0.000653420
1.000000000 -0.000001467 -0.000011496 -0.000069006 0.000001468 1.000000000 0.000055035 -0.000155038 0.000011496 -0.000055035 1.000000000 0.000106258
1.000000000 0.000014374 -0.000012092 0.000112561 -0.000014373 1.000000000 0.000036754 -0.000417650 0.000012092 -0.000036754 1.000000000 0.000184023
1.000000000 0.000068260 0.000177146 -0.001120203 -0.000068281 1.000000000 0.000118685 -0.000730150 -0.000177138 -0.000118697 1.000000000 0.001034176
1.000000000 -0.000050107 0.000173503 -0.000813489 0.000050110 1.000000000 -0.000020305 -0.000573849 -0.000173502 0.000020313 1.000000000 -0.000098293
1.000000000 -0.000032486 0.000048442 -0.000418699 0.000032482 1.000000000 0.000091826 -0.000655975 -0.000048445 -0.000091824 1.000000000 -0.000140817
1.000000000 -0.000106268 -0.000008002 -0.000081106 0.000106267 1.000000000 -0.000103821 0.000373536 0.000008013 0.000103820 1.000000000 0.000119434
1.000000000 -0.000023980 -0.000001042 0.000008201 0.000023980 1.000000000 -0.000048962 0.000189185 0.000001043 0.000048962 1.000000000 0.000343518
1.000000000 -0.000051007 0.000057653 -0.000116660 0.000051001 1.000000000 0.000096907 -0.000676686 -0.000057658 -0.000096904 1.000000000 0.000039674
1.000000000 -0.000081186 0.000026611 0.000096610 0.000081188 1.000000000 -0.000097483 0.000425762 -0.000026603 0.000097485 1.000000000 0.000036836
1.000000000 -0.000023514 0.000053049 -0.000276013 0.000023521 1.000000000 -0.000119753 0.000164531 -0.000053046 0.000119755 1.000000000 0.000191484
1.000000000 -0.000028653 0.000050149 -0.000473983 0.000028649 1.000000000 0.000074743 -0.000594972 -0.000050151 -0.000074742 1.000000000 0.000126120
1.000000000 -0.000130957 0.000031719 -0.000216150 0.000130955 1.000000000 0.000080674 -0.000667174 -0.000031730 -0.000080670 1.000000000 0.000203026
1.000000000 -0.000035501 0.000099855 -0.000349028 0.000035502 1.000000000 -0.000011833 -0.000269765 -0.000099854 0.000011836 1.000000000 -0.000113403
1.000000000 -0.000145434 -0.000085979 0.000439444 0.000145440 1.000000000 0.000077780 -0.000563373 0.000085967 -0.000077792 1.000000000 0.000082652
1.000000000 -0.000007897 0.000127357 -0.000431710 0.000007905 1.000000000 -0.000062071 0.000424776 -0.000127356 0.000062072 1.000000000 0.000211419
1.000000000 -0.000066189 0.000035485 -0.000153170 0.000066188 1.000000000 0.000028216 -0.000138673 -0.000035487 -0.000028214 1.000000000 0.000171074
1.000000000 -0.000050203 0.000017041 0.000011013 0.000050202 1.000000000 0.000083356 -0.000262351 -0.000017045 -0.000083355 1.000000000 0.000056841
1.000000000 -0.000029374 0.000089241 -0.000357386 0.000029380 1.000000000 -0.000069614 0.000021628 -0.000089239 0.000069617 1.000000000 -0.000075991
1.000000000 0.000002479 0.000112203 -0.000531882 -0.000002482 1.000000000 0.000031335 -0.000130746 -0.000112203 -0.000031336 1.000000000 -0.000109813
1.000000000 -0.000063686 0.000061786 -0.000408601 0.000063687 1.000000000 -0.000010341 -0.000696331 -0.000061785 0.000010345 1.000000000 -0.000162603
1.000000000 -0.000173494 0.000040634 0.000041353 0.000173501 1.000000000 -0.000156887 0.000270135 -0.000040607 0.000156894 1.000000000 0.000309408
1.000000000 -0.000132210 0.000020162 -0.000340208 0.000132207 1.000000000 0.000112888 -0.000654038 -0.000020177 -0.000112885 1.000000000 0.000095866
1.000000000 -0.000119813 0.000064926 -0.000273729 0.000119816 1.000000000 -0.000042180 -0.000032996 -0.000064921 0.000042188 1.000000000 -0.000047632
1.000000000 -0.000113744 0.000010202 -0.000142086 0.000113744 1.000000000 0.000010421 -0.000250363 -0.000010203 -0.000010420 1.000000000 -0.000196497
1.000000000 -0.000058391 0.000083804 -0.000033429 0.000058395 1.000000000 -0.000039307 0.000004558 -0.000083802 0.000039312 1.000000000 0.000225366
1.000000000 -0.000000228 0.000109276 -0.000360138 0.000000225 1.000000000 0.000028014 -0.000068205 -0.000109276 -0.000028014 1.000000000 0.000117342
1.000000000 -0.000010345 0.000123724 -0.000431304 0.000010349 1.000000000 -0.000030750 0.000080190 -0.000123724 0.000030752 1.000000000 0.000337837
1.000000000 0.000046646 -0.000019978 -0.000092801 -0.000046644 1.000000000 0.000085986 -0.000424067 0.000019982 -0.000085985 1.000000000 -0.000065743
1.000000000 -0.000063211 0.000092143 -0.000162788 0.000063207 1.000000000 0.000042266 -0.000224737 -0.000092146 -0.000042260 1.000000000 0.000231740
1.000000000 -0.000128185 0.000068217 -0.000007891 0.000128183 1.000000000 0.000024198 -0.000176184 -0.000068220 -0.000024189 1.000000000 0.000123611
1.000000000 -0.000129168 0.000090197 -0.000305184 0.000129166 1.000000000 0.000019179 -0.000404269 -0.000090200 -0.000019167 1.000000000 -0.000434967
1.000000000 -0.000057510 0.000016184 -0.000162901 0.000057509 1.000000000 0.000050503 -0.000567058 -0.000016187 -0.000050502 1.000000000 0.000146116
1.000000000 0.000068997 0.000057170 -0.000469160 -0.000068998 1.000000000 0.000022819 -0.000115418 -0.000057168 -0.000022823 1.000000000 0.000074902
1.000000000 -0.000111300 0.000065255 -0.000161248 0.000111295 1.000000000 0.000083787 -0.000731916 -0.000065264 -0.000083780 1.000000000 -0.000080205
1.000000000 -0.000117585 0.000095426 -0.000076622 0.000117597 1.000000000 -0.000120229 0.000204069 -0.000095412 0.000120241 1.000000000 0.000178440
1.000000000 -0.000011924 0.000040250 -0.000111316 0.000011923 1.000000000 0.000038402 -0.000232852 -0.000040250 -0.000038401 1.000000000 -0.000146362
1.000000000 -0.000005328 0.000056678 -0.000041756 0.000005313 0.999999940 0.000261287 -0.001529292 -0.000056679 -0.000261286 0.999999940 -0.000713117
1.000000000 -0.000047750 0.000018506 -0.000035732 0.000047752 1.000000000 -0.000109713 0.000289519 -0.000018501 0.000109714 1.000000000 0.000213510
1.000000000 -0.000073908 0.000031830 0.000037718 0.000073909 1.000000000 -0.000049403 -0.000125340 -0.000031826 0.000049405 1.000000000 0.000174363
1.000000000 -0.000040533 0.000013607 0.000011798 0.000040535 1.000000000 -0.000099114 0.000277669 -0.000013603 0.000099115 1.000000000 0.000293187
1.000000000 0.000021084 0.000088236 -0.000270156 -0.000021088 1.000000000 0.000043294 -0.000328985 -0.000088235 -0.000043296 1.000000000 0.000261150
1.000000000 0.000002733 0.000089338 -0.000260985 -0.000002738 1.000000000 0.000053189 -0.000102075 -0.000089338 -0.000053189 1.000000000 0.000678553
1.000000000 -0.000011992 -0.000095818 0.000353557 0.000012000 1.000000000 0.000089500 -0.000415623 0.000095817 -0.000089501 1.000000000 0.000236480
1.000000000 -0.000021435 0.000059810 0.000027299 0.000021440 1.000000000 -0.000083944 0.000041909 -0.000059808 0.000083945 1.000000000 0.000176331
1.000000000 -0.000011873 0.000021866 0.000071353 0.000011874 1.000000000 -0.000057055 0.000043062 -0.000021865 0.000057055 1.000000000 0.000286687
1.000000000 0.000132856 0.000066262 -0.000149993 -0.000132861 1.000000000 0.000064593 -0.000248323 -0.000066253 -0.000064602 1.000000000 0.000229412
1.000000000 -0.000032494 0.000004632 0.000019761 0.000032495 1.000000000 -0.000104359 0.000411837 -0.000004628 0.000104359 1.000000000 0.000117573
1.000000000 0.000009726 -0.000027577 -0.000028526 -0.000009725 1.000000000 0.000044173 -0.000159433 0.000027577 -0.000044173 1.000000000 0.000086501
1.000000000 -0.000061718 0.000009601 0.000021443 0.000061719 1.000000000 -0.000113493 0.000387900 -0.000009594 0.000113494 1.000000000 0.000185914
1.000000000 0.000008656 0.000058686 -0.000069971 -0.000008653 1.000000000 -0.000065251 0.000394016 -0.000058687 0.000065250 1.000000000 0.000147196
1.000000000 -0.000067454 0.000044108 -0.000157981 0.000067455 1.000000000 -0.000025917 -0.000078350 -0.000044106 0.000025920 1.000000000 0.000090664
1.000000000 0.000033093 0.000023969 -0.000045921 -0.000033093 1.000000000 0.000001055 -0.000104281 -0.000023969 -0.000001056 1.000000000 0.000182485
1.000000000 -0.000017647 0.000098393 -0.000513510 0.000017647 1.000000000 -0.000004932 -0.000105500 -0.000098393 0.000004934 1.000000000 -0.000230924
1.000000000 -0.000024761 0.000009905 -0.000040235 0.000024761 1.000000000 -0.000034741 0.000093152 -0.000009904 0.000034742 1.000000000 0.000348498
1.000000000 -0.000004965 -0.000058414 -0.000023213 0.000004969 1.000000000 0.000073648 -0.000259819 0.000058414 -0.000073649 1.000000000 0.000137778
1.000000000 0.000009742 0.000003657 0.000125865 -0.000009742 1.000000000 -0.000097396 0.000370238 -0.000003658 0.000097396 1.000000000 0.000075591
1.000000000 0.000064907 0.000023918 -0.000266902 -0.000064910 1.000000000 0.000144696 -0.000237355 -0.000023908 -0.000144698 1.000000000 -0.000039818
1.000000000 -0.000011271 0.000031612 0.000017739 0.000011275 1.000000000 -0.000123093 0.000516316 -0.000031611 0.000123094 1.000000000 -0.000068536
1.000000000 0.000081156 0.000112890 -0.000512674 -0.000081152 1.000000000 -0.000035576 -0.000091823 -0.000112893 0.000035566 1.000000000 -0.000987939
1.000000000 -0.000047463 -0.000005097 0.000220207 0.000047463 1.000000000 0.000076582 -0.000173404 0.000005093 -0.000076582 1.000000000 -0.000830030
1.000000000 0.000008329 0.000143502 -0.000309543 -0.000008328 1.000000000 -0.000005833 -0.000134606 -0.000143502 0.000005832 1.000000000 -0.001730931
1.000000000 -0.000152929 0.000129978 0.000254993 0.000152916 1.000000000 0.000100589 0.000265745 -0.000129993 -0.000100569 1.000000000 -0.000294924
1.000000000 -0.000069763 0.000160168 0.000069130 0.000069743 1.000000000 0.000121057 -0.000442337 -0.000160176 -0.000121045 1.000000000 -0.001675244
1.000000000 -0.000079078 0.000203137 0.000171306 0.000079025 0.999999940 0.000261650 -0.000628465 -0.000203158 -0.000261634 0.999999940 -0.001972965
1.000000000 -0.000100175 0.000164902 0.000136506 0.000100159 1.000000000 0.000096498 -0.000353228 -0.000164912 -0.000096481 1.000000000 -0.002669376
1.000000000 -0.000076480 0.000226013 -0.000286869 0.000076454 1.000000000 0.000116694 -0.000687931 -0.000226022 -0.000116676 0.999999940 -0.003513729
1.000000000 -0.000060864 0.000205296 -0.000268727 0.000060840 1.000000000 0.000119723 -0.000344253 -0.000205304 -0.000119711 1.000000000 -0.004068282
0.999999881 0.000232729 0.000376857 -0.000759314 -0.000232837 0.999999940 0.000285182 -0.000781708 -0.000376790 -0.000285270 0.999999881 -0.004276676
0.999999940 -0.000126099 0.000240351 -0.000100574 0.000126061 1.000000000 0.000158296 -0.000259046 -0.000240371 -0.000158265 0.999999940 -0.004106589
1.000000000 -0.000065290 0.000224407 -0.000179190 0.000065264 1.000000000 0.000113030 -0.000055679 -0.000224415 -0.000113015 0.999999940 -0.004238215
0.999999940 -0.000062643 0.000355006 -0.000592838 0.000062519 0.999999940 0.000351117 -0.000631462 -0.000355028 -0.000351095 0.999999881 -0.003697109
0.999999881 0.000115435 0.000493854 -0.001098575 -0.000115415 1.000000000 -0.000039900 0.000099833 -0.000493859 0.000039843 0.999999881 -0.004041974
0.999999940 0.000021294 0.000330681 -0.000444119 -0.000021411 0.999999940 0.000355834 -0.000720237 -0.000330673 -0.000355841 0.999999881 -0.003931059
0.999999940 0.000100748 0.000366736 -0.000666233 -0.000100792 1.000000000 0.000118560 -0.000393623 -0.000366724 -0.000118597 0.999999940 -0.004240937
0.999999940 -0.000072806 0.000250359 0.000048431 0.000072781 1.000000000 0.000096418 -0.000623369 -0.000250366 -0.000096400 0.999999940 -0.003451208
1.000000000 -0.000035695 0.000227759 -0.000039709 0.000035672 1.000000000 0.000102173 -0.000686400 -0.000227763 -0.000102164 0.999999940 -0.002995007
1.000000000 -0.000113230 0.000071003 0.000486926 0.000113226 1.000000000 0.000068887 -0.000127626 -0.000071011 -0.000068879 1.000000000 -0.002037397
1.000000000 0.000013312 0.000161364 -0.000198450 -0.000013325 1.000000000 0.000078037 0.000083624 -0.000161363 -0.000078040 1.000000000 -0.001179592
1.000000000 0.000019135 0.000165197 -0.000215155 -0.000019150 1.000000000 0.000089888 0.000080353 -0.000165195 -0.000089891 1.000000000 -0.001338258
0.999999940 0.000181078 0.000285367 -0.000494304 -0.000181093 1.000000000 0.000052121 0.000187593 -0.000285358 -0.000052173 0.999999940 -0.001290995
0.999999940 0.000142912 0.000255436 -0.000624448 -0.000142880 1.000000000 -0.000124966 0.000219889 -0.000255454 0.000124929 0.999999940 -0.001691527
1.000000000 0.000028832 0.000168270 -0.000198022 -0.000028834 1.000000000 0.000013887 0.000070037 -0.000168270 -0.000013892 1.000000000 -0.000788062
1.000000000 0.000060449 0.000161512 -0.000352055 -0.000060438 1.000000000 -0.000067559 -0.000242878 -0.000161516 0.000067550 1.000000000 -0.000853927
1.000000000 0.000065699 -0.000027922 0.000002042 -0.000065704 1.000000000 -0.000161132 0.000270213 0.000027911 0.000161134 1.000000000 0.000585073
1.000000000 -0.000104553 -0.000127736 0.000792416 0.000104520 0.999999940 -0.000265457 -0.000109618 0.000127763 0.000265443 0.999999940 0.002070263
0.999999940 0.000236984 -0.000139970 -0.000074992 -0.000237012 0.999999940 -0.000196766 -0.000571206 0.000139923 0.000196799 1.000000000 0.004496543
0.999999940 0.000193896 -0.000221388 0.000054409 -0.000193959 0.999999940 -0.000284253 -0.000427572 0.000221332 0.000284296 0.999999940 0.006082056
0.999999881 0.000348762 -0.000293720 -0.000150792 -0.000348821 0.999999940 -0.000203630 -0.001271628 0.000293649 0.000203732 0.999999940 0.008117653
0.999999881 0.000420746 -0.000339412 -0.000405445 -0.000420885 0.999999821 -0.000410457 -0.001140048 0.000339240 0.000410600 0.999999881 0.010107486
0.999999821 0.000336992 -0.000498097 0.000111651 -0.000337241 0.999999821 -0.000499763 -0.001165044 0.000497929 0.000499931 0.999999762 0.012397189
0.999999762 0.000528791 -0.000437953 -0.000600764 -0.000529032 0.999999702 -0.000550535 -0.001154095 0.000437661 0.000550767 0.999999762 0.015970320
0.999999464 0.000455741 -0.000919123 0.001186743 -0.000456307 0.999999702 -0.000615482 -0.001618262 0.000918843 0.000615901 0.999999404 0.018958535
0.999999404 0.000664229 -0.000871149 -0.000328661 -0.000664749 0.999999583 -0.000596823 -0.003541719 0.000870752 0.000597402 0.999999464 0.022292057
0.999999046 0.000562044 -0.001240597 0.000111623 -0.000562530 0.999999762 -0.000391575 -0.006191211 0.001240377 0.000392273 0.999999166 0.026974920
0.999998510 0.000682551 -0.001600330 0.000726329 -0.000683141 0.999999702 -0.000368064 -0.008002783 0.001600078 0.000369157 0.999998629 0.031104393
0.999998689 0.000647550 -0.001472600 -0.000294111 -0.000648117 0.999999702 -0.000384278 -0.009980642 0.001472351 0.000385232 0.999998868 0.035197187
0.999998033 0.001071470 -0.001681948 -0.000667975 -0.001072046 0.999999344 -0.000341758 -0.012314201 0.001681580 0.000343560 0.999998510 0.040745806
0.999997318 0.001166420 -0.002013090 -0.000920673 -0.001166873 0.999999285 -0.000223648 -0.014125079 0.002012827 0.000225996 0.999997973 0.046054766
0.999997199 0.001082182 -0.002091583 -0.000259356 -0.001082982 0.999999344 -0.000381345 -0.014491562 0.002091169 0.000383609 0.999997735 0.051982045
0.999996305 0.001225636 -0.002430701 -0.000020350 -0.001226092 0.999999225 -0.000186157 -0.018277178 0.002430471 0.000189137 0.999997020 0.058022380
0.999995410 0.001460228 -0.002648159 -0.002199047 -0.001460311 0.999998927 -0.000029411 -0.019895365 0.002648114 0.000033278 0.999996483 0.064446725
0.999994993 0.001361618 -0.002851168 -0.001052406 -0.001361627 0.999999046 -0.000001365 -0.022306150 0.002851163 0.000005247 0.999995947 0.072261736
0.999993682 0.001805147 -0.003055448 -0.001819433 -0.001805655 0.999998331 -0.000163350 -0.024277031 0.003055149 0.000168866 0.999995291 0.079950206
0.999991119 0.001833377 -0.003801101 -0.001317238 -0.001834051 0.999998331 -0.000174003 -0.026029445 0.003800776 0.000180973 0.999992788 0.088104837
0.999991357 0.001777359 -0.003751263 -0.001770649 -0.001778741 0.999998331 -0.000365105 -0.028365714 0.003750608 0.000371774 0.999992907 0.095390670
0.999989033 0.002014379 -0.004229065 -0.002443886 -0.002014750 0.999997973 -0.000083442 -0.031669326 0.004228889 0.000091962 0.999991059 0.103902198
0.999988377 0.001838753 -0.004450424 -0.002199508 -0.001840080 0.999998271 -0.000294254 -0.033744823 0.004449875 0.000302439 0.999990046 0.114849404
0.999985337 0.001948261 -0.005056298 -0.001946808 -0.001948460 0.999998093 -0.000034414 -0.037017837 0.005056222 0.000044266 0.999987245 0.124017380
0.999983251 0.002137647 -0.005374488 -0.003021551 -0.002139483 0.999997675 -0.000335957 -0.039676167 0.005373757 0.000347450 0.999985516 0.133295760
0.999979496 0.002285139 -0.005980812 -0.001946505 -0.002286358 0.999997377 -0.000197025 -0.043565985 0.005980346 0.000210695 0.999982119 0.143950105
0.999978423 0.002415840 -0.006113376 -0.002927387 -0.002418686 0.999996960 -0.000458261 -0.047239486 0.006112250 0.000473037 0.999981225 0.154872328
0.999973178 0.002267725 -0.006966776 -0.001666577 -0.002272066 0.999997258 -0.000615185 -0.048789605 0.006965362 0.000630997 0.999975562 0.163039580
0.999972522 0.002396731 -0.007012579 -0.002995809 -0.002403517 0.999996662 -0.000959354 -0.052527573 0.007010256 0.000976183 0.999974966 0.175845250
0.999971032 0.002252075 -0.007267928 -0.003721822 -0.002258245 0.999997079 -0.000840802 -0.056180179 0.007266014 0.000857191 0.999973238 0.189489976
0.999963641 0.002112163 -0.008259380 -0.001602898 -0.002119401 0.999997377 -0.000867754 -0.060451727 0.008257526 0.000885227 0.999965489 0.204105958
0.999952197 0.002343402 -0.009492130 0.000414367 -0.002350566 0.999996960 -0.000743624 -0.065081380 0.009490359 0.000765901 0.999954700 0.219691277
0.999950647 0.002222297 -0.009686149 0.000509327 -0.002231165 0.999997079 -0.000904760 -0.069254816 0.009684110 0.000926326 0.999952674 0.233513683
0.999945939 0.003054668 -0.009939545 -0.001361633 -0.003065994 0.999994695 -0.001124528 -0.072445579 0.009936056 0.001154941 0.999949992 0.251304209
0.999942839 0.002556222 -0.010384181 -0.002943616 -0.002560729 0.999996662 -0.000420728 -0.079162009 0.010383070 0.000447295 0.999945998 0.265787899
0.999925554 0.003137113 -0.011790961 -0.001589625 -0.003145451 0.999994814 -0.000688697 -0.083190255 0.011788740 0.000725734 0.999930263 0.282994837
0.999909222 0.003522881 -0.013005233 -0.003389474 -0.003534872 0.999993265 -0.000899168 -0.089406647 0.013001981 0.000945059 0.999915004 0.307337910
0.999893546 0.003963088 -0.014037429 -0.003294519 -0.003986013 0.999990702 -0.001605508 -0.090631552 0.014030936 0.001661291 0.999900162 0.325142682
0.999887764 0.003838289 -0.014477340 -0.005458564 -0.003850040 0.999992311 -0.000783907 -0.100637749 0.014474221 0.000839557 0.999894857 0.345325798
0.999873936 0.004167689 -0.015321109 -0.005516427 -0.004191696 0.999990046 -0.001535190 -0.102661937 0.015314558 0.001599217 0.999881446 0.364773542
0.999860883 0.003673982 -0.016269157 -0.005008652 -0.003688970 0.999992907 -0.000891333 -0.112058267 0.016265763 0.000951225 0.999867201 0.385710269
0.999845028 0.004396534 -0.017044462 -0.006134777 -0.004409031 0.999990046 -0.000695724 -0.118894063 0.017041232 0.000770766 0.999854505 0.406451374
0.999825180 0.004562235 -0.018130297 -0.006723089 -0.004577522 0.999989271 -0.000801779 -0.124280125 0.018126443 0.000884630 0.999835253 0.428376555
0.999814987 0.004574046 -0.018685447 -0.007706597 -0.004590136 0.999989092 -0.000818278 -0.132072464 0.018681500 0.000903896 0.999825060 0.450421154
0.999793053 0.005133262 -0.019683212 -0.009121344 -0.005159011 0.999985933 -0.001257621 -0.137316048 0.019676482 0.001358907 0.999805450 0.474126935
0.999770164 0.004954899 -0.020854384 -0.008395602 -0.004963947 0.999987662 -0.000382131 -0.145359337 0.020852230 0.000485563 0.999782443 0.498245388
0.999741554 0.004807053 -0.022221850 -0.007588912 -0.004822708 0.999988198 -0.000650932 -0.151623026 0.022218458 0.000757934 0.999752820 0.521190047
0.999718368 0.005077505 -0.023182724 -0.008607057 -0.005101164 0.999986649 -0.000961548 -0.158547953 0.023177531 0.001079536 0.999730766 0.549258351
0.999687135 0.005788317 -0.024330853 -0.010794526 -0.005804798 0.999982893 -0.000606751 -0.167983741 0.024326926 0.000747797 0.999703705 0.579372168
0.999646544 0.006112877 -0.025868084 -0.010762533 -0.006131693 0.999980986 -0.000648089 -0.175118312 0.025863629 0.000806475 0.999665141 0.606468320
0.999609947 0.005841287 -0.027312310 -0.011783185 -0.005862112 0.999982595 -0.000682460 -0.182890758 0.027307846 0.000842301 0.999626696 0.633988380
0.999580622 0.006183067 -0.028287673 -0.012226265 -0.006204917 0.999980450 -0.000684673 -0.191342548 0.028282885 0.000859909 0.999599576 0.661902010
0.999545515 0.006726159 -0.029383361 -0.013939280 -0.006759971 0.999976635 -0.001051525 -0.198870853 0.029375598 0.001249677 0.999567688 0.691000819
0.999515176 0.007059203 -0.030322831 -0.017520513 -0.007081406 0.999974728 -0.000624823 -0.209074602 0.030317653 0.000839248 0.999539971 0.721781373
0.999466360 0.007405782 -0.031814761 -0.016477769 -0.007435141 0.999972045 -0.000804611 -0.218933612 0.031807911 0.001040729 0.999493480 0.749119103
0.999408007 0.007814829 -0.033504911 -0.016442336 -0.007843062 0.999969006 -0.000711316 -0.228803396 0.033498306 0.000973676 0.999438286 0.787265301
0.999358654 0.008360308 -0.034819059 -0.017756179 -0.008400014 0.999964237 -0.000994225 -0.236771032 0.034809504 0.001286068 0.999393165 0.819776714
0.999303937 0.009126599 -0.036172848 -0.018838901 -0.009166737 0.999957621 -0.000943948 -0.247486532 0.036162701 0.001274877 0.999345124 0.851862013
0.999252439 0.009664846 -0.037432645 -0.021616027 -0.009715402 0.999952137 -0.001168912 -0.256581962 0.037419550 0.001531711 0.999298513 0.885496855
0.999187410 0.009527310 -0.039165031 -0.021762755 -0.009585276 0.999953210 -0.001292556 -0.265117705 0.039150890 0.001666913 0.999231875 0.919447184
0.999116778 0.009970055 -0.040817529 -0.023971237 -0.010041727 0.999948382 -0.001551258 -0.276178271 0.040799957 0.001959766 0.999165475 0.955217898
0.999044657 0.010573070 -0.042399406 -0.026457945 -0.010637621 0.999942601 -0.001297107 -0.288416356 0.042383265 0.001746896 0.999099910 0.993184745
0.998958349 0.010926685 -0.044301223 -0.027179057 -0.010994014 0.999938726 -0.001276396 -0.299769610 0.044284564 0.001762115 0.999017537 1.033738256
0.998869300 0.010726940 -0.046313196 -0.027642045 -0.010816168 0.999940097 -0.001676460 -0.309496075 0.046292435 0.002175496 0.998925507 1.070238233
0.998787642 0.011480442 -0.047870137 -0.029894443 -0.011577567 0.999931455 -0.001752148 -0.321350753 0.047846738 0.002304243 0.998852015 1.108061910
0.998709440 0.012133430 -0.049318422 -0.033554599 -0.012236864 0.999923527 -0.001795890 -0.331714660 0.049292862 0.002397075 0.998781502 1.147692919
0.998615861 0.012236347 -0.051151581 -0.033374831 -0.012363996 0.999921203 -0.002179823 -0.342678070 0.051120874 0.002809243 0.998688519 1.185669780
0.998482108 0.012666531 -0.053599715 -0.033794098 -0.012797263 0.999915957 -0.002096517 -0.355007917 0.053568646 0.002779265 0.998560369 1.228920341
0.998411477 0.013221851 -0.054770876 -0.039294880 -0.013358212 0.999908566 -0.002124313 -0.367421150 0.054737777 0.002852579 0.998496771 1.272709966
0.998290420 0.013617543 -0.056839075 -0.043770768 -0.013728942 0.999904513 -0.001569901 -0.381468415 0.056812264 0.002347558 0.998382092 1.317943811
0.998186529 0.014418704 -0.058444098 -0.046806149 -0.014536960 0.999893069 -0.001598754 -0.393514097 0.058414795 0.002445454 0.998289347 1.360572100
0.998079836 0.014811870 -0.060142256 -0.051456481 -0.014959884 0.999885976 -0.002011474 -0.405531615 0.060105607 0.002907332 0.998187721 1.405254722
0.997953176 0.014696346 -0.062236767 -0.053686872 -0.014831726 0.999888420 -0.001713754 -0.421018958 0.062204637 0.002633325 0.998059928 1.450475335
0.997861445 0.014391132 -0.063760974 -0.057687480 -0.014549276 0.999892116 -0.002016625 -0.432984769 0.063725062 0.002939988 0.997963130 1.497690320
0.997729659 0.014719242 -0.065717697 -0.060119897 -0.014896059 0.999886572 -0.002201314 -0.447276860 0.065677844 0.003175251 0.997835755 1.543177724
0.997629941 0.014583161 -0.067244627 -0.060830835 -0.014788934 0.999887288 -0.002563251 -0.458400160 0.067199677 0.003551653 0.997733176 1.589121222
0.997541666 0.014802514 -0.068493843 -0.066729784 -0.015001622 0.999884546 -0.002393472 -0.473008186 0.068450511 0.003415107 0.997648656 1.635621667
0.997363210 0.015158753 -0.070970006 -0.063104197 -0.015346661 0.999880016 -0.002103158 -0.488593698 0.070929624 0.003186765 0.997476339 1.683780193
0.997275054 0.014813597 -0.072271541 -0.065285645 -0.015001285 0.999885380 -0.002054859 -0.502356231 0.072232820 0.003133426 0.997382820 1.733867884
0.997206748 0.015188131 -0.073129788 -0.069431178 -0.015343858 0.999881029 -0.001568059 -0.517408729 0.073097281 0.002685772 0.997321188 1.783677459
0.997090340 0.014906295 -0.074756883 -0.072926998 -0.015075350 0.999884844 -0.001697580 -0.531727672 0.074722968 0.002819627 0.997200310 1.834733009
0.996977091 0.015097606 -0.076215722 -0.076902464 -0.015260379 0.999882281 -0.001553712 -0.547243416 0.076183312 0.002712096 0.997090101 1.887661219
0.996890545 0.014678430 -0.077419929 -0.079864532 -0.014798062 0.999890029 -0.000971717 -0.563428581 0.077397145 0.002114360 0.996998072 1.939846039
0.996775270 0.015361516 -0.078758627 -0.082310341 -0.015498506 0.999879122 -0.001128336 -0.577518463 0.078731790 0.002345338 0.996893108 1.990324974
0.996713758 0.015425625 -0.079522915 -0.087018549 -0.015570157 0.999878049 -0.001197685 -0.591418445 0.079494737 0.002431934 0.996832311 2.041831732
0.996586800 0.014822138 -0.081209950 -0.087735750 -0.014954405 0.999887645 -0.001020672 -0.609702647 0.081185699 0.002231636 0.996696472 2.100449324
0.996510506 0.016035093 -0.081912965 -0.093069822 -0.016172182 0.999868631 -0.001010359 -0.626411080 0.081886001 0.002331545 0.996639013 2.155281782
0.996436357 0.015582509 -0.082895659 -0.099620484 -0.015687421 0.999876678 -0.000614404 -0.641496360 0.082875878 0.001912634 0.996558070 2.218311548
0.996318579 0.016321374 -0.084160171 -0.104020782 -0.016419716 0.999864995 -0.000476426 -0.657676995 0.084141046 0.001856558 0.996452212 2.274439096
0.996188581 0.016773498 -0.085598543 -0.107792705 -0.016887566 0.999857247 -0.000608609 -0.674041748 0.085576110 0.002051841 0.996329606 2.330771685
0.996087551 0.016690228 -0.086782090 -0.111945786 -0.016793830 0.999858737 -0.000463837 -0.692510545 0.086762100 0.001919426 0.996227264 2.389629841
0.996008456 0.017078198 -0.087609634 -0.116722457 -0.017207699 0.999851584 -0.000723058 -0.706654847 0.087584287 0.002227732 0.996154726 2.444132566
0.995910168 0.016169254 -0.088890679 -0.117978178 -0.016241796 0.999867976 -0.000092830 -0.723641157 0.088877477 0.001536195 0.996041417 2.501747608
0.995802343 0.017052304 -0.089927711 -0.124662474 -0.017027009 0.999854445 0.001048482 -0.743698001 0.089932509 0.000487119 0.995947838 2.560943842
0.995757282 0.017660841 -0.090307809 -0.134669006 -0.017609609 0.999844015 0.001364105 -0.762343168 0.090317801 0.000231967 0.995912969 2.636809587
0.995627761 0.017987495 -0.091660753 -0.139965475 -0.017874809 0.999838233 0.002050214 -0.779844701 0.091682799 -0.000402832 0.995788217 2.699206591
0.995519519 0.017501267 -0.092921734 -0.143837750 -0.017344885 0.999846399 0.002490326 -0.797268867 0.092951044 -0.000867451 0.995670319 2.758912086
0.995408297 0.017381048 -0.094128653 -0.149461389 -0.017152458 0.999847591 0.003237079 -0.815539539 0.094170578 -0.001607677 0.995554745 2.824482203
0.995242059 0.017925609 -0.095769793 -0.154768765 -0.017624469 0.999836683 0.003989479 -0.833975375 0.095825657 -0.002282606 0.995395482 2.892122984
0.995096207 0.017040044 -0.097432844 -0.159156561 -0.016672075 0.999850392 0.004589613 -0.853651404 0.097496480 -0.002942699 0.995231509 2.958239079
0.995006442 0.017698744 -0.098230362 -0.168922424 -0.017339075 0.999839425 0.004514058 -0.872601271 0.098294504 -0.002788292 0.995153487 3.030560493
0.994864404 0.017468680 -0.099698409 -0.175643936 -0.017095804 0.999843299 0.004593235 -0.891841292 0.099763036 -0.002865220 0.995007157 3.097331285
0.994669735 0.017954782 -0.101536989 -0.182103351 -0.017500998 0.999832451 0.005358263 -0.911342621 0.101616189 -0.003552703 0.994817317 3.166350603
0.994462073 0.018737169 -0.103411771 -0.188294217 -0.018280795 0.999818563 0.005359247 -0.931332707 0.103493430 -0.003439119 0.994624257 3.235701561
0.994245172 0.018147556 -0.105579950 -0.193320498 -0.017691521 0.999829710 0.005254367 -0.951363623 0.105657317 -0.003356259 0.994396985 3.302436113
0.994137704 0.018765641 -0.106479920 -0.204475790 -0.018183915 0.999814093 0.006431536 -0.972239316 0.106580809 -0.004457612 0.994294047 3.378367186
0.993924737 0.018592337 -0.108480558 -0.209903911 -0.017971622 0.999816120 0.006696820 -0.992134213 0.108585119 -0.004706563 0.994076014 3.449298382
0.993718684 0.017997729 -0.110450417 -0.215512246 -0.017308135 0.999824286 0.007199130 -1.011294246 0.110560581 -0.005242219 0.993855596 3.518226147
0.993449867 0.019003380 -0.112677447 -0.223673224 -0.018302042 0.999806166 0.007255510 -1.031021595 0.112793490 -0.005145759 0.993605137 3.588810682
0.993251026 0.019541664 -0.114326261 -0.229899764 -0.018692994 0.999789178 0.008490721 -1.051181316 0.114468090 -0.006296318 0.993407011 3.656030178
0.993090987 0.020765739 -0.115495332 -0.241839558 -0.019890031 0.999764085 0.008729611 -1.071516752 0.115649365 -0.006372091 0.993269682 3.733294487
0.992852509 0.020137243 -0.117636845 -0.248823553 -0.019263770 0.999777794 0.008557573 -1.095169306 0.117783032 -0.006230279 0.993019819 3.819709539
0.992645979 0.020748526 -0.119262502 -0.257035315 -0.019840220 0.999764383 0.008798490 -1.117908716 0.119416960 -0.006367593 0.992823780 3.892553091
0.992498934 0.020303316 -0.120555684 -0.263576925 -0.019314174 0.999769628 0.009367772 -1.139012456 0.120718099 -0.006969071 0.992662430 3.966515303
0.992247045 0.019839292 -0.122687265 -0.272356361 -0.018861497 0.999780416 0.009126212 -1.157668710 0.122841388 -0.006741392 0.992403448 4.036750317
0.992059588 0.019600937 -0.124232039 -0.280138582 -0.018657688 0.999787629 0.008751631 -1.176786065 0.124377191 -0.006364258 0.992214620 4.113405704
0.991852820 0.018746996 -0.126001433 -0.289147496 -0.017752079 0.999801755 0.009014437 -1.203122973 0.126145437 -0.006704208 0.991989076 4.205124855
0.991740465 0.018745543 -0.126882568 -0.297875047 -0.017679941 0.999798357 0.009519421 -1.224293709 0.127035424 -0.007197520 0.991872072 4.283565521
0.991637409 0.019710034 -0.127540484 -0.308899552 -0.018704355 0.999783814 0.009078194 -1.244124293 0.127691835 -0.006616716 0.991791785 4.357887268
0.991473913 0.019463914 -0.128842905 -0.315095901 -0.018440843 0.999788284 0.009128775 -1.267263412 0.128993332 -0.006674971 0.991622984 4.439515591
0.991418600 0.019139212 -0.129316509 -0.324587643 -0.018207235 0.999799073 0.008385433 -1.291159630 0.129451007 -0.005958979 0.991567910 4.525123596
0.991341412 0.019693591 -0.129824445 -0.334455490 -0.018881252 0.999793768 0.007485194 -1.312699795 0.129945084 -0.004969135 0.991508722 4.603319645
0.991420031 0.019736702 -0.129216373 -0.345292062 -0.018853793 0.999789894 0.008052599 -1.335230350 0.129348159 -0.005547289 0.991583705 4.682475090
0.991494179 0.020962603 -0.128451556 -0.355358303 -0.020066686 0.999764502 0.008265062 -1.358887076 0.128594592 -0.005617165 0.991681278 4.762463570
0.991598010 0.020695079 -0.127691299 -0.363742530 -0.019766193 0.999768198 0.008537466 -1.385150552 0.127838403 -0.005941763 0.991777182 4.853643417
0.991791487 0.020204829 -0.126259416 -0.373255134 -0.019344442 0.999780595 0.008036973 -1.406460762 0.126394093 -0.005528583 0.991964698 4.935109138
0.991988659 0.019860882 -0.124755532 -0.379514813 -0.019077294 0.999790132 0.007472628 -1.430650353 0.124877751 -0.005032764 0.992159426 5.016707897
0.992215514 0.018415645 -0.123163335 -0.385282844 -0.017767133 0.999821961 0.006361743 -1.453202844 0.123258583 -0.004123961 0.992366016 5.098204136
0.992629945 0.018280713 -0.119798303 -0.393280804 -0.017714605 0.999826431 0.005788833 -1.480346203 0.119883321 -0.003623990 0.992781401 5.192935944
0.993105948 0.017548656 -0.115899868 -0.399331123 -0.017076053 0.999841273 0.005069440 -1.502225161 0.115970440 -0.003055378 0.993247986 5.275870800
0.993700385 0.015962640 -0.110926971 -0.403827846 -0.015578472 0.999869287 0.004329120 -1.526728749 0.110981591 -0.002573775 0.993819177 5.359417915
0.994327188 0.014536955 -0.105366781 -0.407370210 -0.014292673 0.999893069 0.003073178 -1.549306631 0.105400205 -0.001549771 0.994428694 5.443777561
0.994943678 0.013637701 -0.099504560 -0.411310017 -0.013343313 0.999904394 0.003623488 -1.576140523 0.099544466 -0.002277446 0.995030522 5.532738209
0.995663941 0.011380520 -0.092324555 -0.413661897 -0.011103089 0.999932110 0.003518043 -1.599855900 0.092358321 -0.002477701 0.995722771 5.613984108
0.996376395 0.008033285 -0.084674276 -0.414795339 -0.007833995 0.999965727 0.002685652 -1.626714706 0.084692948 -0.002012582 0.996405184 5.713127613
0.997084320 0.005587809 -0.076102987 -0.413764596 -0.005486201 0.999983728 0.001544152 -1.652205825 0.076110370 -0.001122133 0.997098744 5.799314976
0.997711778 0.002762520 -0.067555174 -0.410658360 -0.002732735 0.999996126 0.000533309 -1.677750468 0.067556381 -0.000347478 0.997715354 5.885554790
0.998331249 0.000179692 -0.057746820 -0.410008162 -0.000195241 1.000000000 -0.000263632 -1.703248501 0.057746768 0.000274466 0.998331189 5.977093220
0.998832524 -0.002107327 -0.048263475 -0.407482058 0.002096597 0.999997854 -0.000272932 -1.729281306 0.048263934 0.000171425 0.998834610 6.061262131
0.999252617 -0.005258115 -0.038296897 -0.397740662 0.005236038 0.999986053 -0.000676727 -1.756062865 0.038299918 0.000475697 0.999266088 6.160395622
0.999629200 -0.005987349 -0.026562847 -0.395146191 0.005979009 0.999982178 -0.000393358 -1.786128521 0.026564728 0.000234393 0.999647021 6.264423847
0.999858975 -0.008789691 -0.014304702 -0.388552457 0.008770055 0.999960542 -0.001434822 -1.810567379 0.014316751 0.001309167 0.999896646 6.352887154
0.999921679 -0.012431069 -0.001421152 -0.378715038 0.012427523 0.999919772 -0.002476902 -1.836302757 0.001451829 0.002459046 0.999995947 6.441689491
0.999808252 -0.015994035 0.011298994 -0.367616713 0.016025636 0.999867916 -0.002711708 -1.863018274 -0.011254136 0.002892262 0.999932468 6.534255505
0.999495983 -0.017814353 0.026276922 -0.361364096 0.017910872 0.999833703 -0.003442266 -1.891531110 -0.026211230 0.003911173 0.999648809 6.624503136
0.998952925 -0.021374231 0.040452089 -0.342908204 0.021560811 0.999758840 -0.004181718 -1.918439031 -0.040352948 0.005049519 0.999172688 6.719828606
0.998208046 -0.023941411 0.054843269 -0.325841933 0.024245342 0.999694049 -0.004883067 -1.946050763 -0.054709602 0.006204010 0.998483062 6.814824104
0.997163832 -0.027559699 0.070035808 -0.309912413 0.027956517 0.999598086 -0.004691924 -1.972770333 -0.069878355 0.006636573 0.997533500 6.907169819
0.995944381 -0.030065374 0.084799901 -0.289390862 0.030453496 0.999530792 -0.003286799 -2.000397444 -0.084661290 0.005855923 0.996392608 7.004690647
0.994509876 -0.034694795 0.098723307 -0.268599272 0.035156965 0.999377429 -0.002945099 -2.028932571 -0.098559663 0.006399742 0.995110571 7.095703602
0.992811799 -0.037044413 0.113808930 -0.244690776 0.037496157 0.999295056 -0.001830502 -2.056676626 -0.113660902 0.006084742 0.993500948 7.190133572
0.990629494 -0.040736329 0.130360037 -0.228120089 0.041252304 0.999147952 -0.001259039 -2.085262537 -0.130197644 0.006624894 0.991465926 7.288028240
0.988339305 -0.045165181 0.145415470 -0.200825930 0.045903563 0.998944342 -0.001724582 -2.112551928 -0.145184070 0.008379560 0.989369214 7.379111767
0.985701680 -0.047150832 0.161767885 -0.175289273 0.048180696 0.998835623 -0.002447120 -2.139336109 -0.161464170 0.010206221 0.986825764 7.472823143
0.982928634 -0.050166618 0.177015305 -0.142126799 0.051367972 0.998677313 -0.002207599 -2.165925503 -0.176670432 0.011262828 0.984205604 7.569713593
0.979957581 -0.053643946 0.191847578 -0.115702868 0.054765429 0.998499095 -0.000544006 -2.198900223 -0.191530451 0.011039716 0.981424689 7.665099621
0.976695120 -0.057044212 0.206912249 -0.082832575 0.058409285 0.998292565 -0.000489315 -2.224455357 -0.206531078 0.012563506 0.978359342 7.757003307
0.972932160 -0.061086755 0.222870514 -0.051334262 0.062490281 0.998045325 0.000756191 -2.254089355 -0.222481057 0.013191519 0.974847794 7.849944115
0.969024003 -0.063828550 0.238575891 -0.020236135 0.065213241 0.997869194 0.002093038 -2.280995131 -0.238201141 0.013530103 0.971121609 7.943742275
0.965332448 -0.068221226 0.251950443 0.029065609 0.069678754 0.997564554 0.003143126 -2.311110258 -0.251551300 0.014521431 0.967734993 8.045579910
0.961351991 -0.070991367 0.266012371 0.064487457 0.072401777 0.997365355 0.004513830 -2.343211651 -0.265631974 0.014920388 0.963959038 8.146931648
0.957806349 -0.072883189 0.278019905 0.102788448 0.074400343 0.997215450 0.005104307 -2.371485710 -0.277617693 0.015795838 0.960561752 8.240879059
0.954398513 -0.074202091 0.289166778 0.141181707 0.075973615 0.997096777 0.005109704 -2.399975538 -0.288706422 0.017092347 0.957265139 8.336720467
0.950855434 -0.075504340 0.300288260 0.184509277 0.077417903 0.996983290 0.005539143 -2.429452896 -0.299800605 0.017980760 0.953832448 8.441787720
0.947775662 -0.076136380 0.309716851 0.223429680 0.077984758 0.996933758 0.006428006 -2.457140446 -0.309256554 0.018060891 0.950807154 8.534080505
0.945151150 -0.077882752 0.317212164 0.263778925 0.079906687 0.996780217 0.006645694 -2.485503197 -0.316708446 0.019066187 0.948331237 8.632158279
0.943322837 -0.078400522 0.322483152 0.307716370 0.080761842 0.996714890 0.006073149 -2.515467405 -0.321899921 0.020315388 0.946555734 8.733528137
0.942036688 -0.079817615 0.325877279 0.348741770 0.082647495 0.996565402 0.005175222 -2.544126034 -0.325171143 0.022057701 0.945397973 8.825493813
0.941301763 -0.081270911 0.327637196 0.389313221 0.083956026 0.996451676 0.005965697 -2.574534416 -0.326959431 0.021891596 0.944784760 8.924197197
0.940877736 -0.079961978 0.329173565 0.428159714 0.082549915 0.996568084 0.006131046 -2.606471539 -0.328534186 0.021404685 0.944249511 9.025129318
0.941076934 -0.080166079 0.328553915 0.465584755 0.082839258 0.996545613 0.005877377 -2.635873795 -0.327890068 0.021686098 0.944466949 9.119928360
0.941873252 -0.078849018 0.326584756 0.513401747 0.081315078 0.996669650 0.006117645 -2.669007778 -0.325979590 0.020794226 0.945148051 9.238273621
0.943194151 -0.075751565 0.323491186 0.545873165 0.078558244 0.996899784 0.004392919 -2.696539164 -0.322821081 0.021269521 0.946220994 9.340039253
0.945079982 -0.072948217 0.318594396 0.580951691 0.076152056 0.997093320 0.002405535 -2.727222681 -0.317843854 0.021988200 0.947888017 9.441661835
0.947029173 -0.071140572 0.313169152 0.613906145 0.075013608 0.997182488 -0.000319093 -2.759938002 -0.312264115 0.023794144 0.949697256 9.548110962
0.948961556 -0.070031509 0.307518244 0.645825624 0.073843092 0.997269571 -0.000760853 -2.790327311 -0.306625307 0.023430128 0.951541901 9.648346901
0.951163888 -0.069406785 0.300782263 0.691824198 0.073263220 0.997311532 -0.001546515 -2.823242903 -0.299866199 0.023507271 0.953691602 9.759863853
